%LAT	LON	JAN	FEV	MAR	ABR	MAI	JUN	JUL	AGO	SET	OUT	NOV	DEZ
-25.125	-48.125	0.28937	0.40742	0.24942	0.11076	0.09929	0.3822	0.12747	0.04486	0.18615	0.11172	0.20234	0.15801
-24.875	-48.375	0.21429	0.36525	0.26582	0.06646	0.10414	0.3568	0.12597	0.04102	0.17782	0.10862	0.15981	0.16598
-24.875	-48.125	0.2996	0.35626	0.28982	0.07444	0.08705	0.31938	0.13521	0.03247	0.16822	0.11717	0.17801	0.13262
-24.875	-47.875	0.26385	0.33654	0.26641	0.10183	0.07746	0.29881	0.13096	0.03615	0.16643	0.12196	0.17211	0.11779
-24.625	-49.125	0.13983	0.37526	0.23782	0.08069	0.11843	0.3565	0.14105	0.02234	0.17233	0.1115	0.14909	0.10588
-24.625	-48.875	0.13686	0.32671	0.23844	0.10155	0.13165	0.36228	0.13581	0.02778	0.16851	0.12538	0.18012	0.14407
-24.625	-48.625	0.16056	0.31548	0.26908	0.09947	0.11948	0.3019	0.13741	0.02804	0.16614	0.12624	0.16384	0.13986
-24.625	-48.375	0.22249	0.31719	0.27466	0.08782	0.10733	0.27878	0.13298	0.02674	0.156	0.10037	0.15355	0.13347
-24.625	-48.125	0.29926	0.37608	0.27507	0.0776	0.09701	0.26758	0.11267	0.02505	0.15536	0.10605	0.16043	0.09676
-24.625	-47.875	0.25204	0.33229	0.29424	0.09443	0.09197	0.24503	0.11754	0.03094	0.15162	0.12369	0.14598	0.10108
-24.625	-47.625	0.26584	0.35916	0.2675	0.11068	0.07603	0.26052	0.12426	0.03514	0.15516	0.11349	0.14504	0.09457
-24.625	-47.375	0.2654	0.40358	0.23721	0.14433	0.0793	0.23969	0.11728	0.03568	0.16326	0.12391	0.14373	0.09121
-24.375	-49.125	0.16522	0.36963	0.19919	0.10673	0.12757	0.31389	0.17344	0.01771	0.17207	0.14477	0.10943	0.09159
-24.375	-48.875	0.15714	0.3482	0.21864	0.11577	0.13673	0.27458	0.1236	0.02146	0.16376	0.1357	0.12172	0.09879
-24.375	-48.625	0.17255	0.2955	0.19547	0.13101	0.12772	0.28195	0.13092	0.0227	0.16082	0.12563	0.12659	0.1028
-24.375	-48.375	0.25212	0.33281	0.21354	0.1094	0.13177	0.2712	0.13276	0.02172	0.15392	0.1243	0.14958	0.11401
-24.375	-48.125	0.30561	0.39115	0.30967	0.12547	0.12171	0.22468	0.12679	0.02287	0.15038	0.12846	0.15303	0.12473
-24.375	-47.875	0.27485	0.38478	0.32588	0.10888	0.10769	0.21026	0.13057	0.02916	0.15349	0.13154	0.14443	0.106
-24.375	-47.625	0.29071	0.4432	0.28167	0.13058	0.07049	0.22713	0.11134	0.03048	0.15545	0.11741	0.15279	0.08774
-24.375	-47.375	0.292	0.46703	0.24429	0.18332	0.06766	0.21488	0.12856	0.03167	0.14838	0.12059	0.14378	0.08708
-24.375	-47.125	0.30551	0.42201	0.23863	0.19475	0.07325	0.21421	0.12589	0.03451	0.13522	0.13016	0.15423	0.08421
-24.125	-49.125	0.16631	0.36289	0.16772	0.12918	0.10504	0.29517	0.15936	0.01387	0.15893	0.15005	0.10727	0.09124
-24.125	-48.875	0.1959	0.33846	0.16696	0.15531	0.1035	0.24871	0.11142	0.01591	0.15392	0.13556	0.12939	0.09669
-24.125	-48.625	0.21502	0.32232	0.1751	0.16963	0.12936	0.23849	0.15082	0.02022	0.15297	0.12593	0.13282	0.0992
-24.125	-48.375	0.23697	0.3235	0.20953	0.15361	0.16905	0.23129	0.15958	0.01757	0.15522	0.13191	0.14319	0.09376
-24.125	-48.125	0.28872	0.34868	0.23192	0.16113	0.11736	0.21866	0.15039	0.01972	0.15045	0.12745	0.16509	0.10145
-24.125	-47.875	0.24143	0.39575	0.27348	0.14194	0.09795	0.21452	0.13844	0.02626	0.16397	0.12737	0.1678	0.10977
-24.125	-47.625	0.2662	0.51108	0.26329	0.1592	0.07973	0.20283	0.12096	0.02727	0.1724	0.12762	0.16922	0.10422
-24.125	-47.375	0.25176	0.46303	0.23743	0.1489	0.06707	0.20031	0.11179	0.02932	0.14692	0.13174	0.15511	0.10683
-24.125	-47.125	0.25163	0.41442	0.23984	0.16445	0.07207	0.19596	0.09803	0.03191	0.12601	0.12243	0.16119	0.10777
-24.125	-46.875	0.283	0.43317	0.22057	0.18411	0.07489	0.18681	0.08385	0.04203	0.11322	0.14428	0.13981	0.08982
-23.875	-49.375	0.12541	0.3566	0.11564	0.21403	0.10923	0.30519	0.18736	0.01263	0.13637	0.17745	0.12675	0.11398
-23.875	-49.125	0.16386	0.33021	0.10125	0.21483	0.11077	0.24323	0.10605	0.01264	0.14141	0.1687	0.13121	0.10104
-23.875	-48.875	0.20291	0.31859	0.11095	0.24576	0.11808	0.21672	0.11019	0.01358	0.14088	0.15126	0.1553	0.09965
-23.875	-48.625	0.18477	0.29704	0.16167	0.24662	0.13352	0.19024	0.15985	0.01463	0.15032	0.15716	0.15438	0.1092
-23.875	-48.375	0.20068	0.27969	0.16751	0.2233	0.16903	0.20306	0.21188	0.01775	0.15596	0.14005	0.16145	0.11685
-23.875	-48.125	0.19086	0.26448	0.17954	0.26406	0.14669	0.21045	0.20657	0.01757	0.16036	0.13541	0.18534	0.11634
-23.875	-47.875	0.20853	0.37951	0.21623	0.13423	0.0999	0.22557	0.14586	0.02054	0.16063	0.12399	0.17177	0.11414
-23.875	-47.625	0.24192	0.41227	0.22465	0.13095	0.08292	0.22659	0.14613	0.02205	0.15189	0.11326	0.17043	0.11501
-23.875	-47.375	0.21174	0.41543	0.21069	0.13592	0.07684	0.23358	0.1405	0.02382	0.13253	0.11626	0.16487	0.11843
-23.875	-47.125	0.21745	0.42993	0.23671	0.16076	0.06957	0.20251	0.13225	0.02654	0.10584	0.12204	0.16067	0.11718
-23.875	-46.875	0.22912	0.47549	0.24699	0.17337	0.07198	0.18979	0.13035	0.03751	0.11475	0.1494	0.15951	0.11254
-23.875	-46.625	0.24162	0.4938	0.24205	0.18397	0.09458	0.20191	0.14381	0.05693	0.12487	0.15414	0.15395	0.11352
-23.875	-46.375	0.25779	0.49741	0.22789	0.1753	0.08339	0.18857	0.12946	0.04046	0.11243	0.1604	0.15653	0.11368
-23.875	-45.375	0.29357	0.36053	0.21739	0.14041	0.1023	0.11943	0.09078	0.01853	0.07496	0.12904	0.18104	0.13056
-23.625	-49.375	0.17644	0.47812	0.17822	0.2743	0.1258	0.28388	0.1569	0.00953	0.13152	0.17382	0.14036	0.12485
-23.625	-49.125	0.21244	0.41978	0.1438	0.27398	0.12638	0.23628	0.08669	0.01314	0.15404	0.18284	0.14267	0.13431
-23.625	-48.875	0.20578	0.36886	0.12463	0.27926	0.14672	0.23004	0.10758	0.01171	0.15232	0.15836	0.16159	0.10972
-23.625	-48.625	0.20763	0.32964	0.16627	0.24661	0.15596	0.20408	0.10609	0.01458	0.16139	0.15456	0.17412	0.12706
-23.625	-48.375	0.18152	0.34745	0.22593	0.20581	0.12881	0.19013	0.10627	0.01473	0.15983	0.13527	0.18275	0.13571
-23.625	-48.125	0.18955	0.33807	0.25138	0.17851	0.15553	0.18956	0.11049	0.01641	0.1587	0.12353	0.18636	0.14007
-23.625	-47.875	0.21737	0.32545	0.24078	0.13583	0.12336	0.22306	0.12605	0.01825	0.13025	0.11867	0.19397	0.128
-23.625	-47.625	0.27012	0.37821	0.24497	0.11779	0.09207	0.24098	0.10461	0.02005	0.11734	0.11118	0.1819	0.14456
-23.625	-47.375	0.24367	0.40266	0.22294	0.10917	0.08096	0.24398	0.12301	0.02151	0.10587	0.12105	0.17371	0.15378
-23.625	-47.125	0.25395	0.42896	0.22406	0.12428	0.07674	0.20203	0.13112	0.02349	0.1046	0.12491	0.16727	0.13964
-23.625	-46.875	0.28671	0.45912	0.28405	0.15255	0.0785	0.20868	0.10907	0.03238	0.1152	0.15743	0.16584	0.13129
-23.625	-46.625	0.25026	0.46193	0.26355	0.15462	0.0885	0.20074	0.12885	0.0519	0.10538	0.16404	0.15993	0.12791
-23.625	-46.375	0.35765	0.54049	0.23546	0.16412	0.08759	0.18572	0.09774	0.03333	0.10449	0.17146	0.16833	0.12991
-23.625	-46.125	0.32963	0.47131	0.2244	0.16943	0.0817	0.14328	0.1144	0.03034	0.09637	0.15473	0.17681	0.12994
-23.625	-45.875	0.32591	0.50871	0.24374	0.15356	0.09563	0.13523	0.10479	0.02348	0.07079	0.13145	0.16345	0.12462
-23.625	-45.625	0.35363	0.44705	0.22711	0.15627	0.08939	0.13443	0.0835	0.0197	0.06547	0.13277	0.16022	0.14456
-23.625	-45.375	0.31139	0.35385	0.21688	0.13583	0.10294	0.11528	0.08237	0.01831	0.06594	0.1339	0.17851	0.13798
-23.375	-49.375	0.17952	0.40322	0.17105	0.2894	0.11951	0.24322	0.06729	0.00539	0.1342	0.19609	0.16484	0.152
-23.375	-49.125	0.19012	0.4108	0.19495	0.30774	0.11968	0.19488	0.06466	0.00587	0.13972	0.20078	0.16409	0.12502
-23.375	-48.875	0.20014	0.36925	0.18403	0.23235	0.15648	0.20414	0.07673	0.01063	0.15253	0.16695	0.1812	0.13776
-23.375	-48.625	0.21098	0.32585	0.21901	0.20416	0.16204	0.22266	0.08289	0.0152	0.17382	0.15396	0.1797	0.12275
-23.375	-48.375	0.22524	0.29023	0.24233	0.16667	0.13351	0.24317	0.07613	0.01582	0.1573	0.14271	0.17645	0.12182
-23.375	-48.125	0.20305	0.30183	0.23951	0.13453	0.14342	0.19248	0.06852	0.01528	0.12249	0.12931	0.16891	0.1311
-23.375	-47.875	0.24379	0.31384	0.23706	0.10506	0.12781	0.20584	0.09334	0.0188	0.11383	0.11535	0.174	0.13152
-23.375	-47.625	0.31281	0.32409	0.22798	0.10584	0.10304	0.22151	0.09022	0.01926	0.10052	0.11502	0.17418	0.14165
-23.375	-47.375	0.29957	0.3243	0.2252	0.1067	0.08645	0.21746	0.09866	0.01955	0.08415	0.12055	0.16419	0.1456
-23.375	-47.125	0.28653	0.38754	0.19721	0.11503	0.09514	0.18676	0.10566	0.02118	0.0871	0.13599	0.16511	0.13708
-23.375	-46.875	0.35638	0.48147	0.31727	0.15002	0.11891	0.21324	0.09564	0.02818	0.0986	0.16467	0.1961	0.13499
-23.375	-46.625	0.28732	0.497	0.33997	0.13578	0.12229	0.20445	0.10035	0.02987	0.09429	0.16388	0.17577	0.15942
-23.375	-46.375	0.32049	0.49654	0.31537	0.15922	0.10773	0.1639	0.11831	0.02772	0.08837	0.1774	0.18083	0.1703
-23.375	-46.125	0.32331	0.4083	0.24995	0.1627	0.08831	0.13654	0.08571	0.0247	0.08782	0.15086	0.1844	0.15995
-23.375	-45.875	0.36774	0.39713	0.21874	0.1281	0.08656	0.12339	0.08236	0.02113	0.06934	0.13371	0.18492	0.13746
-23.375	-45.625	0.38474	0.33725	0.21463	0.12532	0.08761	0.10731	0.0769	0.0207	0.06081	0.13349	0.18682	0.15396
-23.375	-45.375	0.35994	0.33167	0.21795	0.11173	0.08967	0.10454	0.07836	0.02211	0.06435	0.12762	0.20139	0.16438
-23.375	-45.125	0.36586	0.37425	0.23877	0.11116	0.08421	0.09303	0.08437	0.01839	0.07429	0.12724	0.22826	0.16738
-23.125	-49.625	0.2655	0.3673	0.20221	0.33032	0.13153	0.2597	0.08729	0.00576	0.19037	0.19427	0.22955	0.15378
-23.125	-49.375	0.24586	0.357	0.18266	0.26242	0.13633	0.23233	0.0861	0.00283	0.14484	0.17652	0.21715	0.12433
-23.125	-49.125	0.2515	0.34803	0.25036	0.33234	0.13196	0.18849	0.07463	0.00474	0.13657	0.19578	0.20655	0.1071
-23.125	-48.875	0.2528	0.34262	0.22107	0.28752	0.15836	0.18029	0.04556	0.00984	0.13889	0.18751	0.21645	0.12389
-23.125	-48.625	0.23619	0.32507	0.19925	0.20188	0.18454	0.25385	0.04137	0.01178	0.13285	0.1629	0.18212	0.11187
-23.125	-48.375	0.27582	0.28699	0.27512	0.13731	0.16601	0.21551	0.04272	0.01791	0.13489	0.14805	0.16758	0.12905
-23.125	-48.125	0.22668	0.28511	0.24832	0.13657	0.17734	0.15611	0.04355	0.01505	0.10202	0.12994	0.1672	0.13518
-23.125	-47.875	0.31129	0.31788	0.26645	0.13987	0.13811	0.17873	0.06231	0.01722	0.08642	0.11741	0.17586	0.13523
-23.125	-47.625	0.38331	0.36717	0.22417	0.13409	0.11511	0.18174	0.07878	0.01793	0.08276	0.11782	0.17159	0.13354
-23.125	-47.375	0.30362	0.35386	0.21759	0.16164	0.0921	0.17582	0.0838	0.01844	0.08755	0.12847	0.16987	0.13981
-23.125	-47.125	0.28216	0.36517	0.21098	0.13056	0.09474	0.14407	0.09514	0.01955	0.07483	0.13804	0.17921	0.14372
-23.125	-46.875	0.30854	0.40282	0.25487	0.13635	0.11913	0.15057	0.09914	0.02322	0.07849	0.16419	0.20197	0.13525
-23.125	-46.625	0.33078	0.49304	0.26981	0.13297	0.12156	0.14355	0.10287	0.02439	0.07784	0.15696	0.19578	0.15351
-23.125	-46.375	0.29473	0.46071	0.26492	0.13477	0.11129	0.14009	0.08873	0.02504	0.07517	0.16372	0.20423	0.15915
-23.125	-46.125	0.3544	0.49836	0.25135	0.12561	0.1002	0.12658	0.08418	0.02035	0.07699	0.1549	0.20366	0.17306
-23.125	-45.875	0.43972	0.57523	0.24421	0.11105	0.09966	0.1275	0.08935	0.01545	0.06403	0.14794	0.20609	0.16009
-23.125	-45.625	0.47435	0.53501	0.24395	0.09586	0.09948	0.10232	0.08314	0.01259	0.06592	0.14445	0.23041	0.16133
-23.125	-45.375	0.46466	0.42429	0.23561	0.0863	0.09608	0.10081	0.07969	0.01881	0.06422	0.13937	0.21774	0.17857
-23.125	-45.125	0.48444	0.39423	0.25208	0.09134	0.0932	0.0947	0.07959	0.01778	0.07228	0.14042	0.24432	0.1996
-23.125	-44.875	0.49731	0.33172	0.2676	0.1162	0.09446	0.06411	0.09336	0.02401	0.10555	0.17646	0.33523	0.25863
-22.875	-50.625	0.16554	0.23851	0.1686	0.22882	0.18764	0.23651	0.05625	0.00197	0.14554	0.19484	0.15069	0.19878
-22.875	-50.375	0.20061	0.28842	0.19003	0.25328	0.20415	0.24023	0.06795	0.0000000000000000	0.1348	0.23378	0.14666	0.19506
-22.875	-50.125	0.20691	0.37882	0.32382	0.21112	0.18994	0.26555	0.05673	0.00009	0.15498	0.24218	0.18059	0.17603
-22.875	-49.875	0.26572	0.39336	0.31365	0.27848	0.19939	0.23439	0.04672	0.0038	0.15073	0.2355	0.20922	0.17335
-22.875	-49.625	0.31598	0.36363	0.29877	0.24458	0.17239	0.22907	0.06634	0.0094	0.14316	0.19881	0.23289	0.17784
-22.875	-49.375	0.25894	0.38539	0.29449	0.22966	0.18024	0.21101	0.0948	0.00213	0.12498	0.21108	0.24857	0.17634
-22.875	-49.125	0.29899	0.33484	0.32541	0.19381	0.16056	0.19838	0.08164	0.00427	0.1036	0.23821	0.23182	0.11717
-22.875	-48.875	0.23927	0.26507	0.28482	0.15469	0.17115	0.17169	0.06066	0.01068	0.1102	0.1989	0.23916	0.12183
-22.875	-48.625	0.26673	0.286	0.21827	0.16098	0.17591	0.17017	0.05115	0.01661	0.10325	0.18036	0.22029	0.11014
-22.875	-48.375	0.24945	0.30919	0.28928	0.13795	0.16774	0.11929	0.07158	0.01738	0.09878	0.16757	0.20502	0.11431
-22.875	-48.125	0.24343	0.29392	0.29354	0.14509	0.15299	0.12393	0.07565	0.02009	0.08661	0.1514	0.21735	0.139
-22.875	-47.875	0.27573	0.3416	0.39006	0.11862	0.1425	0.14604	0.0771	0.02041	0.05314	0.15404	0.20836	0.13059
-22.875	-47.625	0.34262	0.35522	0.34702	0.13215	0.126	0.18288	0.0869	0.02185	0.05331	0.13948	0.20038	0.11293
-22.875	-47.375	0.27696	0.37925	0.28794	0.15089	0.11188	0.13723	0.09141	0.02207	0.05339	0.13961	0.19159	0.12176
-22.875	-47.125	0.26585	0.35836	0.32557	0.15453	0.11297	0.12236	0.12149	0.0214	0.04813	0.13848	0.19544	0.1228
-22.875	-46.875	0.32087	0.35734	0.38684	0.14052	0.11008	0.12473	0.10697	0.01567	0.04665	0.1478	0.20951	0.13697
-22.875	-46.625	0.29843	0.39932	0.3545	0.13449	0.11879	0.12671	0.09083	0.01406	0.04799	0.15307	0.21331	0.14853
-22.875	-45.875	0.52211	0.51645	0.37357	0.10159	0.10457	0.09624	0.13976	0.00225	0.07243	0.18783	0.25764	0.20157
-22.875	-45.625	0.56738	0.50629	0.37357	0.09178	0.11235	0.08663	0.13099	0.00086	0.07323	0.16996	0.27833	0.20706
-22.875	-45.375	0.53624	0.42847	0.36852	0.09185	0.0972	0.07565	0.10027	0.00273	0.07611	0.16816	0.28641	0.23206
-22.875	-45.125	0.55012	0.4698	0.40299	0.09359	0.10183	0.07549	0.08917	0.00202	0.0836	0.16781	0.31949	0.24484
-22.875	-44.875	0.64164	0.42568	0.36211	0.13186	0.10152	0.08391	0.10829	0.01649	0.09177	0.18137	0.36794	0.25817
-22.875	-44.625	0.59356	0.39044	0.38329	0.1607	0.10786	0.05133	0.11346	0.0207	0.10169	0.1908	0.40266	0.25873
-22.625	-52.375	0.26925	0.29188	0.22711	0.22517	0.15839	0.28267	0.06234	0.00438	0.17797	0.18945	0.11788	0.12802
-22.625	-51.875	0.18744	0.27442	0.24884	0.21755	0.19683	0.24361	0.06683	0.00357	0.20266	0.1801	0.17373	0.15915
-22.625	-51.625	0.21124	0.26334	0.29238	0.2394	0.20486	0.23645	0.08819	0.00408	0.21065	0.16943	0.17781	0.15427
-22.625	-51.375	0.18904	0.31523	0.36342	0.24424	0.24644	0.21213	0.16262	0.00246	0.16243	0.17133	0.18285	0.13144
-22.625	-51.125	0.18375	0.30811	0.26316	0.25664	0.21301	0.21124	0.05679	0.00459	0.14776	0.19791	0.19743	0.14928
-22.625	-50.875	0.24236	0.31493	0.2173	0.26584	0.19981	0.24454	0.02832	0.00215	0.14467	0.19382	0.16666	0.21641
-22.625	-50.625	0.24438	0.27426	0.2153	0.26964	0.21418	0.22499	0.0294	0.00002	0.14247	0.20494	0.18789	0.20952
-22.625	-50.375	0.23034	0.30003	0.20606	0.33381	0.20653	0.24625	0.0473	0.00002	0.14935	0.22534	0.16751	0.19652
-22.625	-50.125	0.2337	0.32506	0.27052	0.2431	0.18646	0.26383	0.03289	0.00178	0.14227	0.23611	0.2145	0.17962
-22.625	-49.875	0.22507	0.35032	0.26434	0.2252	0.19376	0.22129	0.03344	0.00188	0.12004	0.23259	0.20174	0.19379
-22.625	-49.625	0.23406	0.35801	0.29014	0.26416	0.20513	0.21538	0.05865	0.0032	0.11275	0.22978	0.23665	0.23316
-22.625	-49.375	0.23912	0.31959	0.31974	0.26493	0.1773	0.16554	0.10601	0.01586	0.10537	0.3166	0.25998	0.21352
-22.625	-49.125	0.25925	0.2529	0.36793	0.16941	0.16232	0.14722	0.05363	0.00948	0.11062	0.20067	0.19745	0.13826
-22.625	-48.875	0.26478	0.23563	0.28437	0.16265	0.15047	0.135	0.06409	0.01063	0.10744	0.19605	0.23105	0.12664
-22.625	-48.625	0.30826	0.25447	0.1977	0.1784	0.16197	0.12983	0.06631	0.01402	0.09586	0.1854	0.23487	0.13095
-22.625	-48.375	0.32244	0.27364	0.20899	0.15912	0.20048	0.13059	0.05768	0.01707	0.09015	0.17145	0.22021	0.12508
-22.625	-48.125	0.31118	0.29521	0.23644	0.14208	0.20565	0.12143	0.07128	0.01802	0.08097	0.16241	0.24405	0.16002
-22.625	-47.875	0.27576	0.31523	0.28298	0.12676	0.17755	0.13124	0.08346	0.02197	0.04945	0.16821	0.22932	0.14122
-22.625	-47.625	0.30076	0.34109	0.38273	0.12426	0.15129	0.14306	0.0812	0.02109	0.0459	0.15334	0.20746	0.13371
-22.625	-47.375	0.28921	0.35432	0.3253	0.13327	0.13621	0.1253	0.08614	0.02109	0.04199	0.15842	0.20072	0.12578
-22.625	-47.125	0.28914	0.30284	0.33506	0.13907	0.13375	0.10433	0.08895	0.01907	0.03901	0.13474	0.20841	0.15056
-22.625	-46.875	0.33374	0.35281	0.43955	0.14081	0.11822	0.11176	0.09488	0.01381	0.03919	0.13972	0.22268	0.14979
-22.625	-46.625	0.3392	0.37611	0.42715	0.12745	0.12039	0.1124	0.10375	0.01147	0.04207	0.14563	0.22384	0.15736
-22.625	-45.125	0.55113	0.44448	0.4125	0.10364	0.09654	0.07028	0.11283	0.00602	0.09502	0.18359	0.34501	0.26643
-22.625	-44.875	0.59802	0.43769	0.41007	0.14791	0.11281	0.06688	0.10283	0.01269	0.09395	0.18013	0.39055	0.27924
-22.625	-44.625	0.62833	0.4489	0.41076	0.1395	0.13292	0.05632	0.1161	0.0132	0.09458	0.18216	0.41992	0.2854
-22.625	-44.375	0.6179	0.38732	0.4224	0.15684	0.10763	0.04896	0.11574	0.01427	0.0972	0.1786	0.41465	0.29319
-22.375	-52.625	0.26112	0.27953	0.31631	0.19066	0.09654	0.24796	0.03344	0.00363	0.17547	0.16023	0.1171	0.0927
-22.375	-52.375	0.25875	0.27966	0.2292	0.2509	0.12326	0.23667	0.0424	0.00537	0.17947	0.1483	0.12388	0.10795
-22.375	-52.125	0.23978	0.31405	0.18284	0.23293	0.15016	0.23578	0.07119	0.00322	0.16643	0.15804	0.12793	0.12448
-22.375	-51.875	0.29512	0.28491	0.22676	0.21769	0.19032	0.21041	0.04899	0.00067	0.21395	0.18021	0.15471	0.1601
-22.375	-51.625	0.2682	0.29506	0.27755	0.22021	0.17686	0.18755	0.04691	0.00018	0.19564	0.1807	0.16298	0.16703
-22.375	-51.375	0.21131	0.3448	0.30858	0.22952	0.21777	0.19223	0.10149	0.00243	0.15243	0.19678	0.19758	0.14439
-22.375	-51.125	0.21725	0.32785	0.29574	0.28045	0.20897	0.21524	0.09559	0.00234	0.15033	0.18213	0.18126	0.13734
-22.375	-50.875	0.26992	0.36174	0.25761	0.29362	0.18972	0.25326	0.03629	0.00002	0.15679	0.18827	0.18552	0.16015
-22.375	-50.625	0.28751	0.28433	0.22618	0.41186	0.2185	0.23302	0.03654	0.00118	0.13124	0.21955	0.15633	0.18389
-22.375	-50.375	0.27242	0.27025	0.19226	0.31073	0.21941	0.24083	0.11707	0.00092	0.14472	0.24631	0.16788	0.19252
-22.375	-50.125	0.23965	0.28976	0.28397	0.22177	0.18976	0.18954	0.04248	0.0037	0.12605	0.2518	0.19693	0.1787
-22.375	-49.875	0.33583	0.31184	0.24508	0.15489	0.20485	0.18309	0.0464	0.00195	0.11772	0.27153	0.22854	0.18711
-22.375	-49.625	0.23262	0.30292	0.21077	0.18226	0.21078	0.21293	0.04646	0.00092	0.10732	0.25749	0.2304	0.1675
-22.375	-49.375	0.28855	0.25416	0.2494	0.23886	0.19431	0.14925	0.06563	0.00406	0.11685	0.25005	0.23558	0.16604
-22.375	-49.125	0.33917	0.22906	0.25639	0.19385	0.19651	0.11254	0.06757	0.00234	0.1089	0.18111	0.23731	0.16402
-22.375	-48.875	0.26418	0.21319	0.22094	0.13104	0.15654	0.12958	0.07079	0.0096	0.10143	0.18333	0.24264	0.14753
-22.375	-48.625	0.31416	0.2215	0.22971	0.1201	0.18371	0.10826	0.05027	0.01108	0.10132	0.17481	0.2427	0.13993
-22.375	-48.375	0.33158	0.2599	0.209	0.14713	0.22645	0.10514	0.05127	0.01302	0.08783	0.17124	0.243	0.14748
-22.375	-48.125	0.33346	0.27327	0.24599	0.13945	0.21192	0.07071	0.05858	0.01614	0.0773	0.164	0.2519	0.1671
-22.375	-47.875	0.31249	0.31979	0.34086	0.12633	0.20307	0.08829	0.06553	0.01909	0.05663	0.16834	0.22581	0.14797
-22.375	-47.625	0.30145	0.33044	0.33194	0.11724	0.15057	0.09695	0.06932	0.01946	0.05002	0.15729	0.2185	0.14413
-22.375	-47.375	0.28901	0.34486	0.32665	0.1115	0.14581	0.10323	0.06504	0.01899	0.03825	0.14473	0.20819	0.14761
-22.375	-47.125	0.33508	0.30874	0.3267	0.10287	0.13723	0.10036	0.05719	0.01619	0.04029	0.13759	0.21811	0.16718
-22.375	-46.875	0.3734	0.32326	0.36334	0.1009	0.12698	0.10337	0.05959	0.01056	0.04497	0.13699	0.23328	0.16871
-22.125	-52.375	0.22745	0.25911	0.24922	0.17276	0.08889	0.22852	0.04393	0.00051	0.15776	0.13835	0.12582	0.0992
-22.125	-52.125	0.31726	0.28956	0.21795	0.19181	0.10692	0.19497	0.03391	0.00067	0.16615	0.15624	0.13658	0.11445
-22.125	-51.875	0.3363	0.28482	0.29124	0.16365	0.12993	0.16133	0.03759	0.00004	0.21293	0.14291	0.1381	0.15353
-22.125	-51.625	0.25407	0.32296	0.29427	0.16935	0.16819	0.16612	0.03106	0.0013	0.17394	0.20166	0.15127	0.14843
-22.125	-51.375	0.31052	0.31787	0.34485	0.18488	0.20699	0.17411	0.08329	0.00257	0.16286	0.18155	0.1646	0.14311
-22.125	-51.125	0.26209	0.31634	0.32972	0.25872	0.1847	0.20345	0.08516	0.00134	0.14741	0.16276	0.17324	0.15629
-22.125	-50.875	0.30883	0.31977	0.29303	0.27029	0.19638	0.21936	0.04069	0.00002	0.11997	0.1695	0.15878	0.15926
-22.125	-50.625	0.40318	0.29658	0.25164	0.20138	0.20411	0.20013	0.04243	0.0009	0.11566	0.21278	0.15104	0.16255
-22.125	-50.375	0.31071	0.32024	0.29404	0.23943	0.18003	0.23349	0.04359	0.00091	0.13495	0.23379	0.19156	0.17315
-22.125	-50.125	0.19243	0.33164	0.27446	0.22384	0.19253	0.19352	0.032	0.00079	0.13181	0.22051	0.20327	0.16446
-22.125	-49.875	0.24301	0.29894	0.2328	0.16304	0.20544	0.17335	0.04118	0.00278	0.11615	0.22965	0.20311	0.1367
-22.125	-49.625	0.30982	0.28674	0.21166	0.17408	0.21618	0.14698	0.02752	0.00043	0.1049	0.27443	0.20258	0.16844
-22.125	-49.375	0.28546	0.23081	0.21525	0.17475	0.21945	0.11185	0.04746	0.00103	0.09161	0.21839	0.23824	0.20333
-22.125	-49.125	0.38882	0.20897	0.26046	0.14779	0.19284	0.09106	0.07193	0.00191	0.0927	0.19807	0.22364	0.21515
-22.125	-48.875	0.34076	0.23982	0.284	0.09608	0.18316	0.12274	0.06607	0.00692	0.09983	0.19201	0.24877	0.20936
-22.125	-48.625	0.31461	0.2688	0.25859	0.08016	0.17375	0.10977	0.05287	0.00912	0.09615	0.17925	0.24044	0.18435
-22.125	-48.375	0.27991	0.25141	0.22844	0.10818	0.18361	0.08945	0.04783	0.01406	0.08757	0.16763	0.24828	0.1957
-22.125	-48.125	0.2668	0.30153	0.28575	0.11842	0.16105	0.0917	0.04252	0.0124	0.07644	0.17377	0.23951	0.19372
-22.125	-47.875	0.27416	0.33167	0.34381	0.13539	0.17875	0.10133	0.05684	0.016	0.05809	0.19428	0.21765	0.16881
-22.125	-47.625	0.25999	0.36827	0.27026	0.1418	0.16282	0.0813	0.0731	0.0181	0.05201	0.16323	0.21428	0.17453
-22.125	-47.375	0.29567	0.4005	0.28847	0.13068	0.14397	0.0816	0.04585	0.01768	0.04865	0.14942	0.21684	0.18072
-22.125	-47.125	0.35456	0.35985	0.32482	0.11725	0.1347	0.08156	0.04889	0.01424	0.05204	0.14867	0.23122	0.17088
-22.125	-46.875	0.42137	0.37291	0.38944	0.11206	0.12794	0.08957	0.05728	0.00887	0.05636	0.14738	0.25475	0.19448
-22.125	-46.625	0.42969	0.37923	0.3963	0.12133	0.1394	0.09501	0.0664	0.00904	0.05699	0.14901	0.26274	0.20119
-21.875	-52.125	0.26785	0.24632	0.25405	0.14826	0.08917	0.17954	0.0215	0.0000000000000000	0.16994	0.10839	0.11592	0.13512
-21.875	-51.875	0.33328	0.29387	0.37445	0.14549	0.10848	0.12635	0.02371	0.0015	0.18777	0.12641	0.11381	0.14826
-21.875	-51.625	0.30495	0.26779	0.3517	0.13161	0.14152	0.11592	0.02045	0.00241	0.17037	0.12685	0.13791	0.13656
-21.875	-51.375	0.31726	0.32025	0.3473	0.1674	0.17299	0.14155	0.02126	0.0000000000000000	0.22667	0.14217	0.13626	0.19982
-21.875	-51.125	0.32917	0.32046	0.36161	0.19483	0.17008	0.17107	0.03048	0.00003	0.1782	0.12506	0.18755	0.21708
-21.875	-50.875	0.37729	0.32827	0.19327	0.16243	0.19708	0.20769	0.03599	0.0000000000000000	0.13395	0.14064	0.18759	0.1536
-21.875	-50.625	0.41393	0.33054	0.23991	0.15082	0.16276	0.20039	0.04192	0.00006	0.13827	0.18068	0.16718	0.16814
-21.875	-50.375	0.3266	0.34677	0.24096	0.18078	0.22414	0.17509	0.05175	0.0000000000000000	0.17705	0.19737	0.19271	0.18214
-21.875	-50.125	0.21196	0.31086	0.21899	0.17826	0.1692	0.206	0.05832	0.0000000000000000	0.15708	0.17261	0.21628	0.18565
-21.875	-49.875	0.2501	0.28292	0.2499	0.17619	0.15743	0.1945	0.04231	0.00099	0.1134	0.16302	0.21882	0.15849
-21.875	-49.625	0.24105	0.28939	0.25914	0.15188	0.23245	0.13218	0.03771	0.00097	0.09509	0.17545	0.20935	0.17328
-21.875	-49.375	0.28347	0.24632	0.25855	0.12353	0.19397	0.13748	0.03862	0.00145	0.08489	0.20247	0.23074	0.18431
-21.875	-49.125	0.27976	0.26295	0.31039	0.10812	0.18941	0.11344	0.04272	0.001	0.08767	0.20469	0.2268	0.21556
-21.875	-48.875	0.28965	0.25826	0.31188	0.08301	0.17231	0.09802	0.04496	0.00429	0.09151	0.17344	0.26737	0.24246
-21.875	-48.625	0.31169	0.26844	0.29446	0.07595	0.17462	0.10376	0.04889	0.00625	0.09057	0.17452	0.26979	0.24731
-21.875	-48.375	0.32694	0.28798	0.29096	0.10553	0.18135	0.10477	0.03945	0.01755	0.08485	0.18663	0.26935	0.24253
-21.875	-48.125	0.29919	0.29948	0.30856	0.09356	0.18021	0.10842	0.03038	0.01538	0.07992	0.18088	0.28145	0.24836
-21.875	-47.875	0.41867	0.36996	0.36287	0.11382	0.17671	0.08665	0.03842	0.01301	0.08199	0.18772	0.25614	0.25755
-21.875	-47.625	0.36731	0.3944	0.32712	0.12724	0.15518	0.08481	0.06285	0.01503	0.07873	0.17612	0.22361	0.25871
-21.875	-47.375	0.33085	0.37356	0.33206	0.13046	0.14065	0.07612	0.05772	0.01608	0.08852	0.16673	0.22049	0.27873
-21.875	-47.125	0.36738	0.39826	0.3669	0.1466	0.1395	0.07175	0.05359	0.01297	0.08677	0.16347	0.23663	0.28379
-21.875	-46.875	0.44693	0.39086	0.36449	0.13693	0.13165	0.08957	0.04833	0.0108	0.08935	0.13952	0.29142	0.24449
-21.625	-51.875	0.25587	0.19687	0.26672	0.10513	0.11747	0.12005	0.04178	0.01584	0.17289	0.15891	0.09593	0.11161
-21.625	-51.625	0.21991	0.24887	0.35056	0.10686	0.11925	0.14572	0.02316	0.00071	0.17169	0.14339	0.12652	0.16362
-21.625	-51.375	0.28495	0.28829	0.37784	0.10608	0.15428	0.1428	0.02221	0.00014	0.18946	0.11268	0.13303	0.18925
-21.625	-51.125	0.35226	0.30974	0.22754	0.13111	0.16505	0.14155	0.02494	0.00142	0.19428	0.10331	0.20675	0.16363
-21.625	-50.875	0.4517	0.33829	0.14984	0.16423	0.18059	0.17137	0.03668	0.0000000000000000	0.18613	0.15831	0.23183	0.14608
-21.625	-50.625	0.4475	0.34199	0.19981	0.19326	0.16107	0.12564	0.03788	0.0000000000000000	0.16205	0.15729	0.18874	0.16698
-21.625	-50.375	0.29501	0.319	0.18953	0.16494	0.11605	0.13076	0.04575	0.00002	0.16588	0.19173	0.19232	0.22576
-21.625	-50.125	0.28522	0.29403	0.23352	0.14873	0.11886	0.17903	0.0459	0.0000000000000000	0.14876	0.1142	0.18166	0.20241
-21.625	-49.875	0.23027	0.24365	0.22109	0.14999	0.16946	0.1343	0.03821	0.0000000000000000	0.09172	0.11313	0.20214	0.16658
-21.625	-49.625	0.31531	0.25499	0.23402	0.14677	0.18595	0.1151	0.03051	0.0000000000000000	0.08911	0.12051	0.19464	0.19585
-21.625	-49.375	0.27372	0.26278	0.23983	0.13409	0.16006	0.10577	0.02175	0.0000000000000000	0.0868	0.1579	0.20473	0.22656
-21.625	-49.125	0.31719	0.30072	0.24769	0.10128	0.17558	0.10971	0.03004	0.00008	0.08059	0.18374	0.24057	0.25951
-21.625	-48.875	0.28218	0.26355	0.27243	0.08071	0.16316	0.08793	0.03417	0.0031	0.08778	0.18267	0.28114	0.25006
-21.625	-48.625	0.30457	0.30732	0.31279	0.088	0.1593	0.08189	0.03525	0.00895	0.08849	0.1723	0.29236	0.26989
-21.625	-48.375	0.33088	0.33301	0.31811	0.10992	0.17203	0.08894	0.03015	0.01517	0.08998	0.19626	0.26698	0.28399
-21.625	-48.125	0.29856	0.32275	0.34538	0.09834	0.16497	0.09588	0.03165	0.00846	0.08803	0.18319	0.25661	0.3121
-21.625	-47.875	0.36535	0.37288	0.33947	0.08627	0.15383	0.08349	0.03089	0.0076	0.09777	0.15791	0.23703	0.28751
-21.625	-47.625	0.40024	0.37616	0.2997	0.09108	0.15283	0.06949	0.03195	0.01127	0.09968	0.16718	0.22552	0.29916
-21.625	-47.375	0.3387	0.36393	0.29067	0.10468	0.14455	0.06224	0.02779	0.02049	0.10264	0.16189	0.2319	0.34297
-21.625	-47.125	0.37978	0.3395	0.32107	0.14313	0.13408	0.07605	0.04821	0.01554	0.10998	0.15991	0.25287	0.32026
-21.625	-46.875	0.44599	0.36395	0.30816	0.14354	0.12236	0.0787	0.04565	0.01294	0.10288	0.13564	0.30684	0.26788
-21.625	-46.625	0.46467	0.3882	0.32938	0.12023	0.14696	0.08887	0.05313	0.00992	0.10999	0.14086	0.31904	0.26192
-21.375	-51.875	0.24508	0.19974	0.29898	0.14599	0.16046	0.12002	0.14188	0.11815	0.17285	0.17777	0.11029	0.17047
-21.375	-51.625	0.21701	0.23882	0.27284	0.08939	0.1049	0.10174	0.03317	0.00011	0.19823	0.1493	0.1045	0.20121
-21.375	-51.375	0.23161	0.30913	0.28585	0.09808	0.09297	0.11838	0.0274	0.00248	0.22283	0.12289	0.12417	0.1934
-21.375	-51.125	0.34795	0.29525	0.20366	0.12567	0.11293	0.09888	0.02946	0.00195	0.23061	0.13577	0.17238	0.17765
-21.375	-50.875	0.38256	0.33892	0.17144	0.15357	0.09212	0.13949	0.02708	0.0000000000000000	0.17805	0.16484	0.17113	0.21031
-21.375	-50.625	0.3186	0.31828	0.16935	0.17736	0.10143	0.12041	0.03091	0.0000000000000000	0.16948	0.10731	0.18732	0.19012
-21.375	-50.375	0.27674	0.29928	0.1897	0.12313	0.12905	0.11446	0.02441	0.0000000000000000	0.17148	0.09638	0.19039	0.1942
-21.375	-50.125	0.27488	0.27817	0.18973	0.14325	0.14084	0.11209	0.02436	0.00002	0.12904	0.09468	0.17935	0.18452
-21.375	-49.875	0.24979	0.24067	0.22767	0.11135	0.16953	0.09822	0.03188	0.0003	0.10496	0.09332	0.2034	0.20155
-21.375	-49.625	0.25878	0.24353	0.23139	0.10924	0.16015	0.0927	0.02706	0.00009	0.09898	0.09258	0.1995	0.25118
-21.375	-49.375	0.23967	0.23667	0.237	0.08812	0.14483	0.09287	0.02306	0.0000000000000000	0.09637	0.11122	0.23871	0.25808
-21.375	-49.125	0.31115	0.28733	0.25237	0.08546	0.17441	0.09924	0.02492	0.0000000000000000	0.08881	0.12416	0.28739	0.28304
-21.375	-48.875	0.28	0.30044	0.29856	0.09089	0.15984	0.096	0.03045	0.00385	0.09334	0.14885	0.30904	0.27669
-21.375	-48.625	0.28841	0.31683	0.31428	0.09381	0.16192	0.08343	0.0347	0.00779	0.09674	0.13976	0.30814	0.29783
-21.375	-48.375	0.34464	0.31179	0.33778	0.10446	0.16065	0.07682	0.02471	0.01039	0.09623	0.14552	0.2749	0.32816
-21.375	-48.125	0.29907	0.31837	0.3577	0.10108	0.1584	0.08949	0.03045	0.00729	0.10254	0.156	0.2584	0.32929
-21.375	-47.875	0.341	0.38909	0.39935	0.09368	0.14231	0.1036	0.04363	0.01631	0.11762	0.15888	0.22934	0.32801
-21.375	-47.625	0.32528	0.36756	0.30896	0.08791	0.13447	0.08747	0.03791	0.01578	0.10722	0.15135	0.23114	0.3482
-21.375	-47.375	0.35492	0.35337	0.31694	0.12223	0.13876	0.07132	0.03364	0.01041	0.10833	0.15962	0.23751	0.36836
-21.375	-47.125	0.42579	0.32068	0.32008	0.11675	0.13327	0.0704	0.05974	0.01353	0.11875	0.16569	0.26003	0.31417
-21.125	-51.625	0.34568	0.30772	0.27671	0.11383	0.07122	0.11653	0.03579	0.0002	0.22292	0.16558	0.11013	0.24668
-21.125	-51.375	0.25411	0.38405	0.19544	0.09594	0.07052	0.08095	0.02523	0.00093	0.21119	0.14959	0.11418	0.26062
-21.125	-51.125	0.2376	0.42865	0.14723	0.11172	0.06327	0.06885	0.01233	0.00114	0.19334	0.09976	0.11839	0.25276
-21.125	-50.875	0.26428	0.36682	0.19181	0.145	0.07625	0.0887	0.01859	0.0000000000000000	0.14631	0.0978	0.15555	0.2214
-21.125	-50.625	0.27792	0.32256	0.18219	0.1195	0.10318	0.12211	0.02387	0.00003	0.15669	0.09531	0.19299	0.24347
-21.125	-50.375	0.36344	0.27453	0.19429	0.09871	0.11372	0.1245	0.01939	0.0000000000000000	0.16839	0.08643	0.14876	0.21058
-21.125	-50.125	0.29316	0.26643	0.19998	0.0956	0.09711	0.0904	0.02551	0.00017	0.15366	0.08793	0.1804	0.21347
-21.125	-49.875	0.29579	0.26722	0.25011	0.11578	0.13779	0.07562	0.02744	0.0000000000000000	0.09271	0.09133	0.22307	0.24674
-21.125	-49.625	0.26711	0.24749	0.29222	0.10859	0.13366	0.07332	0.02648	0.0000000000000000	0.0895	0.08636	0.2327	0.30121
-21.125	-49.375	0.25349	0.26414	0.28521	0.08974	0.12972	0.08171	0.02407	0.0000000000000000	0.10088	0.09419	0.2612	0.31825
-21.125	-49.125	0.26901	0.26848	0.28927	0.10356	0.14897	0.09179	0.0235	0.00325	0.09545	0.11053	0.26632	0.30684
-21.125	-48.875	0.28864	0.28468	0.30037	0.10977	0.14334	0.07342	0.02032	0.00352	0.10458	0.13448	0.31661	0.31167
-21.125	-48.625	0.30737	0.29912	0.32028	0.10382	0.15345	0.07634	0.02306	0.00625	0.10636	0.12543	0.3218	0.33518
-21.125	-48.375	0.36576	0.2876	0.30989	0.0958	0.15217	0.07504	0.0222	0.00538	0.1024	0.13326	0.28458	0.34762
-21.125	-48.125	0.41469	0.28827	0.30722	0.12062	0.15199	0.07725	0.02659	0.00508	0.10617	0.1394	0.26665	0.36353
-21.125	-47.875	0.39401	0.33685	0.36237	0.13924	0.15036	0.09727	0.04042	0.00741	0.12222	0.15418	0.24731	0.38452
-21.125	-47.625	0.3748	0.40767	0.33446	0.12098	0.14476	0.08783	0.04027	0.01277	0.10858	0.15055	0.23034	0.38243
-21.125	-47.375	0.39076	0.39725	0.30258	0.12438	0.13295	0.07143	0.0387	0.0136	0.11132	0.15024	0.22159	0.39498
-20.875	-51.375	0.22625	0.34861	0.23859	0.1094	0.03532	0.1145	0.02006	0.00162	0.16365	0.14045	0.13045	0.25505
-20.875	-51.125	0.15343	0.43404	0.15964	0.09406	0.04715	0.08562	0.01897	0.00084	0.13242	0.08974	0.14085	0.23528
-20.875	-50.875	0.1536	0.33906	0.18479	0.11435	0.07075	0.10203	0.02558	0.0000000000000000	0.09184	0.09035	0.14552	0.23389
-20.875	-50.625	0.16134	0.31647	0.23299	0.10358	0.07828	0.12497	0.03163	0.00027	0.11167	0.10509	0.15355	0.30422
-20.875	-50.375	0.23221	0.26475	0.28635	0.086	0.07571	0.12829	0.03082	0.0000000000000000	0.10589	0.08207	0.14012	0.38967
-20.875	-50.125	0.22303	0.25137	0.26531	0.08238	0.07086	0.09815	0.03176	0.0000000000000000	0.10906	0.08369	0.15227	0.38979
-20.875	-49.875	0.22368	0.26666	0.26391	0.08957	0.10628	0.09057	0.03291	0.0024	0.08761	0.08472	0.21237	0.35578
-20.875	-49.625	0.2595	0.28931	0.30868	0.0957	0.11473	0.0919	0.03358	0.00257	0.07892	0.08839	0.24249	0.39568
-20.875	-49.375	0.31147	0.26453	0.34948	0.09312	0.10249	0.10937	0.02496	0.00182	0.07794	0.10308	0.26798	0.42659
-20.875	-49.125	0.27718	0.25781	0.33242	0.10441	0.11625	0.09132	0.02368	0.00437	0.09512	0.10819	0.23542	0.51363
-20.875	-48.875	0.27294	0.28146	0.31673	0.1072	0.14872	0.07881	0.0167	0.00259	0.10414	0.11571	0.30092	0.38919
-20.875	-48.625	0.27014	0.3004	0.33007	0.12157	0.14056	0.08778	0.01387	0.00233	0.09947	0.11951	0.3065	0.35816
-20.875	-48.375	0.32832	0.29813	0.31707	0.11295	0.15746	0.10286	0.0157	0.00184	0.09769	0.13525	0.29374	0.32747
-20.875	-48.125	0.3555	0.30049	0.32405	0.146	0.15055	0.13748	0.01585	0.00195	0.10342	0.16362	0.28342	0.39787
-20.875	-47.875	0.34106	0.3644	0.33463	0.15109	0.13897	0.11206	0.03243	0.01236	0.11522	0.14646	0.25104	0.38344
-20.875	-47.625	0.38933	0.41753	0.3287	0.13751	0.14553	0.11715	0.03144	0.01403	0.11304	0.1581	0.25107	0.36007
-20.875	-47.375	0.39125	0.42147	0.31532	0.12897	0.14224	0.08328	0.04679	0.01463	0.11207	0.17155	0.22901	0.34934
-20.625	-51.375	0.18672	0.31026	0.25309	0.1364	0.02221	0.09103	0.01512	0.0016	0.11762	0.09126	0.16915	0.1826
-20.625	-51.125	0.19046	0.27093	0.25667	0.11375	0.03643	0.09892	0.0158	0.00119	0.10233	0.09376	0.12574	0.20576
-20.625	-50.875	0.20108	0.29643	0.22971	0.10748	0.03737	0.12817	0.02542	0.0000000000000000	0.08042	0.09091	0.10709	0.26971
-20.625	-50.625	0.21771	0.32929	0.25281	0.10155	0.06177	0.15101	0.02416	0.0000000000000000	0.08369	0.09705	0.13673	0.27702
-20.625	-50.375	0.18614	0.28279	0.30372	0.06965	0.05429	0.10167	0.02403	0.0000000000000000	0.09844	0.09338	0.22232	0.30325
-20.625	-50.125	0.24683	0.24958	0.27278	0.06347	0.0688	0.09853	0.03095	0.0000000000000000	0.09796	0.09084	0.17424	0.28282
-20.625	-49.875	0.26041	0.24675	0.31114	0.075	0.08202	0.10458	0.04013	0.00197	0.08571	0.08532	0.22968	0.35646
-20.625	-49.625	0.24238	0.26136	0.30068	0.0932	0.08564	0.13512	0.04358	0.0029	0.09375	0.08268	0.25151	0.44629
-20.625	-49.375	0.30767	0.26119	0.32441	0.09479	0.09432	0.14046	0.03828	0.00949	0.0968	0.08976	0.26526	0.4359
-20.625	-49.125	0.27591	0.24049	0.32366	0.12428	0.11443	0.08217	0.02753	0.00626	0.11225	0.09051	0.22495	0.51776
-20.625	-48.875	0.35542	0.24667	0.32773	0.13862	0.13642	0.07639	0.0177	0.00093	0.09505	0.10992	0.29076	0.34109
-20.625	-48.625	0.32728	0.27528	0.26689	0.11911	0.14933	0.08394	0.01395	0.00285	0.0923	0.12813	0.2926	0.31787
-20.625	-48.375	0.37014	0.28228	0.28965	0.1125	0.16266	0.13343	0.01809	0.00094	0.09735	0.13471	0.28767	0.35349
-20.625	-48.125	0.29755	0.33201	0.24938	0.15726	0.16382	0.17237	0.00784	0.00184	0.10551	0.14377	0.28274	0.33049
-20.625	-47.875	0.31688	0.37162	0.31122	0.15913	0.13212	0.08538	0.02821	0.01258	0.11216	0.1531	0.23968	0.34766
-20.625	-47.625	0.31737	0.45374	0.30216	0.13147	0.14558	0.11915	0.04764	0.01593	0.10506	0.149	0.2314	0.37036
-20.625	-47.375	0.33229	0.42341	0.35624	0.13901	0.14852	0.10487	0.03346	0.0189	0.11015	0.15461	0.23048	0.35096
-20.625	-47.125	0.38382	0.41	0.42432	0.13629	0.15528	0.07111	0.02592	0.01785	0.11417	0.17123	0.25576	0.3237
-20.375	-51.125	0.22239	0.21954	0.3083	0.12306	0.01537	0.10622	0.01055	0.00132	0.10103	0.09864	0.13718	0.18407
-20.375	-50.875	0.21032	0.23214	0.34148	0.12931	0.04245	0.11244	0.02437	0.0000000000000000	0.08531	0.09488	0.15713	0.17798
-20.375	-50.625	0.23419	0.2865	0.26798	0.11575	0.04556	0.12228	0.02404	0.0000000000000000	0.06957	0.09789	0.16345	0.23725
-20.375	-50.375	0.1956	0.31469	0.277	0.07939	0.04544	0.10775	0.02249	0.0000000000000000	0.07886	0.09633	0.18205	0.24781
-20.375	-50.125	0.237	0.28645	0.30999	0.07356	0.0445	0.09426	0.03049	0.00001	0.08179	0.1081	0.17888	0.31847
-20.375	-49.875	0.44281	0.29833	0.35029	0.07055	0.05571	0.12315	0.04456	0.00022	0.08945	0.08828	0.21748	0.29562
-20.375	-49.625	0.2902	0.26854	0.31844	0.06761	0.06807	0.14657	0.04211	0.00527	0.1012	0.08522	0.22237	0.42826
-20.375	-49.375	0.27553	0.26277	0.29292	0.08738	0.08037	0.1213	0.03331	0.0066	0.09116	0.07706	0.22051	0.31491
-20.375	-49.125	0.29759	0.24221	0.2823	0.1061	0.11647	0.07892	0.02192	0.00311	0.08759	0.07792	0.2238	0.33283
-20.375	-48.625	0.39598	0.25473	0.24913	0.12122	0.12575	0.07534	0.01519	0.00081	0.0891	0.11401	0.28887	0.33586
-20.375	-48.375	0.33596	0.29256	0.2552	0.15454	0.14366	0.16519	0.01448	0.00082	0.09208	0.12743	0.27562	0.35305
-20.375	-48.125	0.33165	0.32365	0.24446	0.15031	0.14565	0.17773	0.01159	0.00175	0.09675	0.13237	0.27053	0.36628
-20.375	-47.875	0.34509	0.3341	0.32708	0.13481	0.13112	0.08581	0.0157	0.01035	0.09676	0.1629	0.24193	0.34894
-20.375	-47.625	0.34888	0.36809	0.42221	0.14601	0.16295	0.07333	0.02482	0.01379	0.10214	0.16856	0.24522	0.37257
-20.375	-47.375	0.36717	0.3628	0.35501	0.15437	0.17643	0.07719	0.02671	0.01557	0.11552	0.16825	0.2257	0.35455
-20.125	-50.875	0.2117	0.23338	0.33749	0.11121	0.01823	0.0942	0.017	0.0000000000000000	0.06185	0.10592	0.12912	0.18144
-20.125	-50.625	0.25681	0.2503	0.28393	0.14009	0.02665	0.0909	0.02168	0.0000000000000000	0.04641	0.09751	0.15002	0.21904
-20.125	-50.375	0.26658	0.25703	0.29738	0.12365	0.0312	0.09946	0.02249	0.00011	0.05907	0.09774	0.20587	0.303
-20.125	-50.125	0.21169	0.22928	0.28112	0.1123	0.04347	0.0969	0.02232	0.00016	0.0805	0.08992	0.1792	0.27705
-20.125	-49.875	0.28517	0.24662	0.25126	0.11507	0.07424	0.12531	0.03501	0.00006	0.08769	0.08291	0.19591	0.30292
-20.125	-49.625	0.29033	0.27012	0.31359	0.10339	0.1306	0.13871	0.05061	0.00185	0.08347	0.08158	0.21098	0.31468
-20.125	-49.375	0.3029	0.23745	0.32108	0.13853	0.08544	0.07157	0.02831	0.00388	0.0784	0.07699	0.24148	0.33464
-20.125	-48.375	0.33072	0.2876	0.27871	0.16115	0.14176	0.11168	0.02548	0.01491	0.0858	0.12389	0.26912	0.31918
-20.125	-47.875	0.32221	0.30256	0.34147	0.16134	0.13857	0.06071	0.01524	0.0105	0.09696	0.161	0.25998	0.32655
-20.125	-47.625	0.36012	0.30277	0.38287	0.16967	0.14861	0.0601	0.01464	0.01186	0.10051	0.15538	0.27834	0.3382
-20.125	-47.375	0.40376	0.28652	0.33017	0.15551	0.16242	0.05667	0.02514	0.01342	0.10455	0.16933	0.2399	0.33383
-19.875	-50.625	0.27108	0.23254	0.31795	0.12255	0.01831	0.11387	0.01749	0.00023	0.0483	0.10699	0.14291	0.19268
-19.875	-50.375	0.30819	0.21125	0.2936	0.11866	0.05806	0.11178	0.01999	0.00129	0.05673	0.11892	0.15744	0.2799
-19.875	-50.125	0.23482	0.21845	0.24641	0.10341	0.04643	0.09569	0.02477	0.00187	0.05464	0.10531	0.17332	0.27352
